{
  "languages": [
    "AppleScript",
    "C",
    "C++",
    "Dart",
    "Fortran",
    "Go",
    "Haskell",
    "Java",
    "JavaScript",
    "Kotlin",
    "PHP",
    "Pascal",
    "Python",
    "Raku",
    "Ruby",
    "Rust",
    "Scala",
    "Swift",
    "Visual_Basic"
  ],
  "matrix": [
    [
      0.0,
      0.31746187380392,
      0.3760446268937331,
      0.1855382642777954,
      0.23038653709417845,
      0.4243227082783221,
      0.22619614180223702,
      0.25533202365190066,
      0.17898019204593085,
      0.2417740681342816,
      0.2656740263747466,
      0.21373234428865373,
      0.18364720789438138,
      0.20725604320754132,
      0.18762631831010923,
      0.35833683749390755,
      0.2648761275332413,
      0.207011553484306,
      0.1993568811445604
    ],
    [
      0.31746187380392,
      0.0,
      0.10042495804660745,
      0.3117260286534481,
      0.2301900569315718,
      0.40645496373080503,
      0.3563793050753292,
      0.3694536429916794,
      0.35530139064633426,
      0.4327557215807818,
      0.2923514832109114,
      0.2875280000717556,
      0.3947616600159882,
      0.3570970647073489,
      0.37811577112425443,
      0.34280706260849714,
      0.48056168893159745,
      0.3715386741845247,
      0.41623349485902894
    ],
    [
      0.3760446268937331,
      0.10042495804660745,
      0.0,
      0.33447780065033306,
      0.31351956665830194,
      0.4871284385347113,
      0.39230414141864733,
      0.3799595360231397,
      0.38344369872201556,
      0.4315620416863992,
      0.36298139446899247,
      0.3518745660170586,
      0.420900770141315,
      0.38144739627615265,
      0.3989198481238898,
      0.3661662928708259,
      0.47436414877828215,
      0.4099589176191689,
      0.4514505761186821
    ],
    [
      0.1855382642777954,
      0.3117260286534481,
      0.33447780065033306,
      0.0,
      0.3345608045421885,
      0.35408658308616936,
      0.23348061598203274,
      0.15402891352155312,
      0.1955797393779427,
      0.12060430518285403,
      0.2788128675245375,
      0.3166160130594472,
      0.24677919259964143,
      0.23823683941566798,
      0.21671480646220265,
      0.2665325363172514,
      0.19850546829747262,
      0.19809002794136576,
      0.294847246084848
    ],
    [
      0.23038653709417845,
      0.2301900569315718,
      0.31351956665830194,
      0.3345608045421885,
      0.0,
      0.4202586312401698,
      0.2614026320161629,
      0.3731919161712438,
      0.3581079167856823,
      0.3649469754128154,
      0.3593553488226894,
      0.1948368701340557,
      0.3483428217844152,
      0.28075149874652805,
      0.320742703175631,
      0.374808607645034,
      0.38664838844449956,
      0.36141883818122056,
      0.27731218968849547
    ],
    [
      0.4243227082783221,
      0.40645496373080503,
      0.4871284385347113,
      0.35408658308616936,
      0.4202586312401698,
      0.0,
      0.40871288348947554,
      0.43051835582513454,
      0.40969024187199077,
      0.402219639240848,
      0.4362846390317102,
      0.39114945007590807,
      0.44798792609310656,
      0.4454767868708449,
      0.45394353035262947,
      0.29204758548773024,
      0.4595898372135627,
      0.3785793346901002,
      0.4391525333842322
    ],
    [
      0.22619614180223702,
      0.3563793050753292,
      0.39230414141864733,
      0.23348061598203274,
      0.2614026320161629,
      0.40871288348947554,
      0.0,
      0.352163602734784,
      0.2720510127227095,
      0.2689306666330682,
      0.3557270495268463,
      0.31050499299800693,
      0.28288249601370785,
      0.24575756073895227,
      0.27916480684389366,
      0.3030174584573757,
      0.24044260190902533,
      0.28639917139100557,
      0.3226279626106393
    ],
    [
      0.25533202365190066,
      0.3694536429916794,
      0.3799595360231397,
      0.15402891352155312,
      0.3731919161712438,
      0.43051835582513454,
      0.352163602734784,
      0.0,
      0.2706371061681757,
      0.13229221120622303,
      0.3262777488074099,
      0.3669081796154273,
      0.3405886906380309,
      0.3211699671064665,
      0.2800043814097716,
      0.3950393012281247,
      0.16910485412551945,
      0.3107767175761742,
      0.2954185100162431
    ],
    [
      0.17898019204593085,
      0.35530139064633426,
      0.38344369872201556,
      0.1955797393779427,
      0.3581079167856823,
      0.40969024187199077,
      0.2720510127227095,
      0.2706371061681757,
      0.0,
      0.25395508491098884,
      0.24284106523764115,
      0.33186594768752664,
      0.2465538459367972,
      0.2828249120647063,
      0.22665284747514236,
      0.34684809517406334,
      0.28954563961652213,
      0.2544223453230081,
      0.3147558586548572
    ],
    [
      0.2417740681342816,
      0.4327557215807818,
      0.4315620416863992,
      0.12060430518285403,
      0.3649469754128154,
      0.402219639240848,
      0.2689306666330682,
      0.13229221120622303,
      0.25395508491098884,
      0.0,
      0.38122323415048964,
      0.3703968154189884,
      0.3090511359213248,
      0.3044052001756382,
      0.27333919328530387,
      0.3139599847344998,
      0.08901572618625087,
      0.20200241589728218,
      0.3123294163291017
    ],
    [
      0.2656740263747466,
      0.2923514832109114,
      0.36298139446899247,
      0.2788128675245375,
      0.3593553488226894,
      0.4362846390317102,
      0.3557270495268463,
      0.3262777488074099,
      0.24284106523764115,
      0.38122323415048964,
      0.0,
      0.3414772120571835,
      0.3344824450360301,
      0.20965079671677023,
      0.26980364988405925,
      0.36298530870596624,
      0.41133539990864565,
      0.33244415902369906,
      0.36184159947916883
    ],
    [
      0.21373234428865373,
      0.2875280000717556,
      0.3518745660170586,
      0.3166160130594472,
      0.1948368701340557,
      0.39114945007590807,
      0.31050499299800693,
      0.3669081796154273,
      0.33186594768752664,
      0.3703968154189884,
      0.3414772120571835,
      0.0,
      0.35033331808899026,
      0.32924147834776674,
      0.35420101933966675,
      0.3939254041711747,
      0.393328644025687,
      0.37701672188263646,
      0.17989114316406174
    ],
    [
      0.18364720789438138,
      0.3947616600159882,
      0.420900770141315,
      0.24677919259964143,
      0.3483428217844152,
      0.44798792609310656,
      0.28288249601370785,
      0.3405886906380309,
      0.2465538459367972,
      0.3090511359213248,
      0.3344824450360301,
      0.35033331808899026,
      0.0,
      0.3116386411967996,
      0.24798555876042938,
      0.37849175849209604,
      0.3308037434280301,
      0.3039723531663364,
      0.3257215180544667
    ],
    [
      0.20725604320754132,
      0.3570970647073489,
      0.38144739627615265,
      0.23823683941566798,
      0.28075149874652805,
      0.4454767868708449,
      0.24575756073895227,
      0.3211699671064665,
      0.2828249120647063,
      0.3044052001756382,
      0.20965079671677023,
      0.32924147834776674,
      0.3116386411967996,
      0.0,
      0.11385162455481102,
      0.2982884298342833,
      0.33037055672914273,
      0.26526232834752983,
      0.3347484525278914
    ],
    [
      0.18762631831010923,
      0.37811577112425443,
      0.3989198481238898,
      0.21671480646220265,
      0.320742703175631,
      0.45394353035262947,
      0.27916480684389366,
      0.2800043814097716,
      0.22665284747514236,
      0.27333919328530387,
      0.26980364988405925,
      0.35420101933966675,
      0.24798555876042938,
      0.11385162455481102,
      0.0,
      0.33712726775230306,
      0.2934278648284201,
      0.22892847484300904,
      0.3135167561512432
    ],
    [
      0.35833683749390755,
      0.34280706260849714,
      0.3661662928708259,
      0.2665325363172514,
      0.374808607645034,
      0.29204758548773024,
      0.3030174584573757,
      0.3950393012281247,
      0.34684809517406334,
      0.3139599847344998,
      0.36298530870596624,
      0.3939254041711747,
      0.37849175849209604,
      0.2982884298342833,
      0.33712726775230306,
      0.0,
      0.3681049368014978,
      0.26740955515917886,
      0.4296481002530226
    ],
    [
      0.2648761275332413,
      0.48056168893159745,
      0.47436414877828215,
      0.19850546829747262,
      0.38664838844449956,
      0.4595898372135627,
      0.24044260190902533,
      0.16910485412551945,
      0.28954563961652213,
      0.08901572618625087,
      0.41133539990864565,
      0.393328644025687,
      0.3308037434280301,
      0.33037055672914273,
      0.2934278648284201,
      0.3681049368014978,
      0.0,
      0.27274896133445636,
      0.3180138093038267
    ],
    [
      0.207011553484306,
      0.3715386741845247,
      0.4099589176191689,
      0.19809002794136576,
      0.36141883818122056,
      0.3785793346901002,
      0.28639917139100557,
      0.3107767175761742,
      0.2544223453230081,
      0.20200241589728218,
      0.33244415902369906,
      0.37701672188263646,
      0.3039723531663364,
      0.26526232834752983,
      0.22892847484300904,
      0.26740955515917886,
      0.27274896133445636,
      0.0,
      0.3581606301243584
    ],
    [
      0.1993568811445604,
      0.41623349485902894,
      0.4514505761186821,
      0.294847246084848,
      0.27731218968849547,
      0.4391525333842322,
      0.3226279626106393,
      0.2954185100162431,
      0.3147558586548572,
      0.3123294163291017,
      0.36184159947916883,
      0.17989114316406174,
      0.3257215180544667,
      0.3347484525278914,
      0.3135167561512432,
      0.4296481002530226,
      0.3180138093038267,
      0.3581606301243584,
      0.0
    ]
  ]
}