{
  "languages": [
    "AppleScript",
    "C",
    "C++",
    "Dart",
    "Fortran",
    "Go",
    "Haskell",
    "Java",
    "JavaScript",
    "Kotlin",
    "PHP",
    "Pascal",
    "Python",
    "Raku",
    "Ruby",
    "Rust",
    "Scala",
    "Swift",
    "Visual_Basic"
  ],
  "matrix": [
    [
      0.0,
      0.39083872903772987,
      0.4483606849410121,
      0.24053632257735447,
      0.25401337115250355,
      0.5328784650217423,
      0.28417504530450255,
      0.3131082236919186,
      0.2236000198469671,
      0.30383153118465855,
      0.3234197815297516,
      0.28342661873246555,
      0.273204045129945,
      0.24527917946886013,
      0.2460596532311553,
      0.44604620692521957,
      0.33025784427207405,
      0.26013274606079084,
      0.24054641766898632
    ],
    [
      0.39083872903772987,
      0.0,
      0.10856390854370657,
      0.3916467655183211,
      0.2650692261701795,
      0.5024404658154985,
      0.43025535962861416,
      0.45092449827886527,
      0.42819872348918975,
      0.5256090695124715,
      0.35958674962895343,
      0.3625554306776213,
      0.5054964824877131,
      0.4298199493493595,
      0.4750311549229299,
      0.428223390798522,
      0.5800613886590128,
      0.4582186307235141,
      0.49387476511001793
    ],
    [
      0.4483606849410121,
      0.10856390854370657,
      0.0,
      0.4078447618517236,
      0.3543136952461744,
      0.5802402970761456,
      0.4658672537639532,
      0.4524699212620078,
      0.45025204881088665,
      0.5138749372063904,
      0.42892794244129373,
      0.4252468694627948,
      0.520391241935088,
      0.44865740065593307,
      0.48856407067800256,
      0.448508048959538,
      0.5621294894490891,
      0.4906621731308075,
      0.5212722005723662
    ],
    [
      0.24053632257735447,
      0.3916467655183211,
      0.4078447618517236,
      0.0,
      0.39222518005656903,
      0.43815118062861746,
      0.2830225430548021,
      0.2058279701879373,
      0.23703788368633394,
      0.15792594453871833,
      0.3437634034699367,
      0.4168225731997729,
      0.3332553235965985,
      0.2873190996520305,
      0.2946148438219701,
      0.3201798453947491,
      0.2534279867650716,
      0.24277815139553838,
      0.36560394760930537
    ],
    [
      0.25401337115250355,
      0.2650692261701795,
      0.3543136952461744,
      0.39222518005656903,
      0.0,
      0.49783506785807485,
      0.30521189461319953,
      0.43315451277675066,
      0.41713274721367044,
      0.42700225741602904,
      0.41809002426360364,
      0.22966839312189258,
      0.43035436522051307,
      0.3225599182198159,
      0.3863033314200536,
      0.4435635504479404,
      0.45007776684286127,
      0.41609172266519,
      0.3144188135239858
    ],
    [
      0.5328784650217423,
      0.5024404658154985,
      0.5802402970761456,
      0.43815118062861746,
      0.49783506785807485,
      0.0,
      0.48743994747012154,
      0.5221281564171376,
      0.49268136779041294,
      0.4857334628642509,
      0.5294416771302011,
      0.48254988104878993,
      0.5611321206059701,
      0.5404020747416778,
      0.5707305749171845,
      0.31837569792943,
      0.5532696193139898,
      0.4509148225569485,
      0.5303510622207694
    ],
    [
      0.28417504530450255,
      0.43025535962861416,
      0.4658672537639532,
      0.2830225430548021,
      0.30521189461319953,
      0.48743994747012154,
      0.0,
      0.43427437173368966,
      0.3276269507392343,
      0.3225345834670753,
      0.43391891743862576,
      0.39583590458016205,
      0.36588604422653404,
      0.2965505533155228,
      0.35912777386101247,
      0.35919107605753087,
      0.29628540881613796,
      0.33927346697975647,
      0.3952906850789558
    ],
    [
      0.3131082236919186,
      0.45092449827886527,
      0.4524699212620078,
      0.2058279701879373,
      0.43315451277675066,
      0.5221281564171376,
      0.43427437173368966,
      0.0,
      0.329643965638441,
      0.17281662424319733,
      0.3933381102344916,
      0.4632884649465313,
      0.4435751607255921,
      0.386753327237802,
      0.35897552577696046,
      0.4814101914222546,
      0.21314603366640905,
      0.3777342794541819,
      0.34795238589981137
    ],
    [
      0.2236000198469671,
      0.42819872348918975,
      0.45025204881088665,
      0.23703788368633394,
      0.41713274721367044,
      0.49268136779041294,
      0.3276269507392343,
      0.329643965638441,
      0.0,
      0.30659001947301967,
      0.2972707967760736,
      0.4227651001922649,
      0.333323361402721,
      0.33175026758917037,
      0.29306897588266867,
      0.4118794389795706,
      0.35446573162755746,
      0.3090478811736844,
      0.37451551301998653
    ],
    [
      0.30383153118465855,
      0.5256090695124715,
      0.5138749372063904,
      0.15792594453871833,
      0.42700225741602904,
      0.4857334628642509,
      0.3225345834670753,
      0.17281662424319733,
      0.30659001947301967,
      0.0,
      0.459803523159125,
      0.4696960449847497,
      0.3956823097569854,
      0.36240873159739373,
      0.35463816184455055,
      0.37569356751840344,
      0.11055964338099034,
      0.23766789005332511,
      0.38008627311462273
    ],
    [
      0.3234197815297516,
      0.35958674962895343,
      0.42892794244129373,
      0.3437634034699367,
      0.41809002426360364,
      0.5294416771302011,
      0.43391891743862576,
      0.3933381102344916,
      0.2972707967760736,
      0.459803523159125,
      0.0,
      0.4345431965538742,
      0.43334186687945575,
      0.25108437916600046,
      0.34467396729427513,
      0.4395151097805181,
      0.49637352078846486,
      0.4034429879422927,
      0.42795882015631337
    ],
    [
      0.28342661873246555,
      0.3625554306776213,
      0.4252468694627948,
      0.4168225731997729,
      0.22966839312189258,
      0.48254988104878993,
      0.39583590458016205,
      0.4632884649465313,
      0.4227651001922649,
      0.4696960449847497,
      0.4345431965538742,
      0.0,
      0.46868117094826245,
      0.41585437118375934,
      0.46630277263306175,
      0.4857796944094045,
      0.49324255996852673,
      0.4758084478606377,
      0.22500100395626776
    ],
    [
      0.273204045129945,
      0.5054964824877131,
      0.520391241935088,
      0.3332553235965985,
      0.43035436522051307,
      0.5611321206059701,
      0.36588604422653404,
      0.4435751607255921,
      0.333323361402721,
      0.3956823097569854,
      0.43334186687945575,
      0.46868117094826245,
      0.0,
      0.40322544609816047,
      0.3639255862577797,
      0.4709960493625994,
      0.4244341967360791,
      0.39382100336654,
      0.4167482801691407
    ],
    [
      0.24527917946886013,
      0.4298199493493595,
      0.44865740065593307,
      0.2873190996520305,
      0.3225599182198159,
      0.5404020747416778,
      0.2965505533155228,
      0.386753327237802,
      0.33175026758917037,
      0.36240873159739373,
      0.25108437916600046,
      0.41585437118375934,
      0.40322544609816047,
      0.0,
      0.13211832080998043,
      0.3510515002098099,
      0.39564648840348793,
      0.31133811535267497,
      0.3976668664815439
    ],
    [
      0.2460596532311553,
      0.4750311549229299,
      0.48856407067800256,
      0.2946148438219701,
      0.3863033314200536,
      0.5707305749171845,
      0.35912777386101247,
      0.35897552577696046,
      0.29306897588266867,
      0.35463816184455055,
      0.34467396729427513,
      0.46630277263306175,
      0.3639255862577797,
      0.13211832080998043,
      0.0,
      0.4213309334056341,
      0.3753566686562394,
      0.2904502413299008,
      0.38991271380325554
    ],
    [
      0.44604620692521957,
      0.428223390798522,
      0.448508048959538,
      0.3201798453947491,
      0.4435635504479404,
      0.31837569792943,
      0.35919107605753087,
      0.4814101914222546,
      0.4118794389795706,
      0.37569356751840344,
      0.4395151097805181,
      0.4857796944094045,
      0.4709960493625994,
      0.3510515002098099,
      0.4213309334056341,
      0.0,
      0.44460681394379087,
      0.3213121073121705,
      0.5143852432869538
    ],
    [
      0.33025784427207405,
      0.5800613886590128,
      0.5621294894490891,
      0.2534279867650716,
      0.45007776684286127,
      0.5532696193139898,
      0.29628540881613796,
      0.21314603366640905,
      0.35446573162755746,
      0.11055964338099034,
      0.49637352078846486,
      0.49324255996852673,
      0.4244341967360791,
      0.39564648840348793,
      0.3753566686562394,
      0.44460681394379087,
      0.0,
      0.3243400466600288,
      0.38754212516771347
    ],
    [
      0.26013274606079084,
      0.4582186307235141,
      0.4906621731308075,
      0.24277815139553838,
      0.41609172266519,
      0.4509148225569485,
      0.33927346697975647,
      0.3777342794541819,
      0.3090478811736844,
      0.23766789005332511,
      0.4034429879422927,
      0.4758084478606377,
      0.39382100336654,
      0.31133811535267497,
      0.2904502413299008,
      0.3213121073121705,
      0.3243400466600288,
      0.0,
      0.42704271868504584
    ],
    [
      0.24054641766898632,
      0.49387476511001793,
      0.5212722005723662,
      0.36560394760930537,
      0.3144188135239858,
      0.5303510622207694,
      0.3952906850789558,
      0.34795238589981137,
      0.37451551301998653,
      0.38008627311462273,
      0.42795882015631337,
      0.22500100395626776,
      0.4167482801691407,
      0.3976668664815439,
      0.38991271380325554,
      0.5143852432869538,
      0.38754212516771347,
      0.42704271868504584,
      0.0
    ]
  ]
}