{
  "languages": [
    "AppleScript",
    "C",
    "C++",
    "Dart",
    "Fortran",
    "Go",
    "Haskell",
    "Java",
    "JavaScript",
    "Kotlin",
    "PHP",
    "Pascal",
    "Python",
    "Raku",
    "Ruby",
    "Rust",
    "Scala",
    "Swift",
    "Visual_Basic"
  ],
  "matrix": [
    [
      0.0,
      0.20536200258476023,
      0.1895468922912772,
      0.10027680625124646,
      0.13169341525818945,
      0.1956871075128499,
      0.08805873406398146,
      0.1505561340420668,
      0.07789779457750767,
      0.10903313613375454,
      0.09450203658916545,
      0.1048629017815097,
      0.06920194506311339,
      0.08523095268747904,
      0.054711239314970794,
      0.12132652508646391,
      0.09438306587341405,
      0.08578515068146086,
      0.10670781991632539
    ],
    [
      0.20536200258476023,
      0.0,
      0.054948734074881544,
      0.11231343665591531,
      0.16372489075643082,
      0.17457350942060135,
      0.14855764863428578,
      0.14948376684384201,
      0.1381261346109499,
      0.14377478109064457,
      0.1630366080891208,
      0.15119829261385587,
      0.14193750895319102,
      0.17014761581947635,
      0.16327996202154993,
      0.1312261446127525,
      0.1462519936358827,
      0.12910456663683412,
      0.18124771244810023
    ],
    [
      0.1895468922912772,
      0.054948734074881544,
      0.0,
      0.09590578826410623,
      0.16431684169241378,
      0.17194093063776872,
      0.13007418985675867,
      0.12810528210721184,
      0.12732753507371486,
      0.12963863834543266,
      0.1638268234457051,
      0.13852164314956794,
      0.14157697714490258,
      0.1623029175866494,
      0.1604932896546415,
      0.13068243384990086,
      0.13288664363075997,
      0.12578867906817415,
      0.17601147769516112
    ],
    [
      0.10027680625124646,
      0.11231343665591531,
      0.09590578826410623,
      0.0,
      0.10745137732924659,
      0.11835367958694631,
      0.05113527212220892,
      0.050369720817389,
      0.052833014266989275,
      0.0402589406628896,
      0.0778555401602975,
      0.06931760556573252,
      0.04996772480442868,
      0.08173975433610337,
      0.07285929234668553,
      0.06866384966410899,
      0.03787981579369526,
      0.0383228221191082,
      0.10417849176223137
    ],
    [
      0.13169341525818945,
      0.16372489075643082,
      0.16431684169241378,
      0.10745137732924659,
      0.0,
      0.1666154834245318,
      0.09659304940257674,
      0.14883837894887497,
      0.11105966904917652,
      0.11995472680336738,
      0.1428658002944163,
      0.08833982990477773,
      0.08802960692832351,
      0.13186887475924902,
      0.09545644145331911,
      0.12029811290110959,
      0.11600140814744986,
      0.09749413656849104,
      0.1261921626089566
    ],
    [
      0.1956871075128499,
      0.17457350942060135,
      0.17194093063776872,
      0.11835367958694631,
      0.1666154834245318,
      0.0,
      0.1439352730318214,
      0.15745172297457943,
      0.1544566026429357,
      0.12387205163949877,
      0.17484644957948836,
      0.1601014812899909,
      0.1407113846924971,
      0.1969424060766629,
      0.1739064694032395,
      0.10576150059041978,
      0.1518347345907537,
      0.11847457854046717,
      0.1822541462129066
    ],
    [
      0.08805873406398146,
      0.14855764863428578,
      0.13007418985675867,
      0.05113527212220892,
      0.09659304940257674,
      0.1439352730318214,
      0.0,
      0.08938569685634234,
      0.06527923538807956,
      0.06797038238708253,
      0.09591905089609276,
      0.07644109627842455,
      0.042190803554695955,
      0.07894535840681083,
      0.05305617161465426,
      0.08307869799437728,
      0.048609811411802095,
      0.04797863043538175,
      0.09734786813556917
    ],
    [
      0.1505561340420668,
      0.14948376684384201,
      0.12810528210721184,
      0.050369720817389,
      0.14883837894887497,
      0.15745172297457943,
      0.08938569685634234,
      0.0,
      0.08640517039081363,
      0.07446690208425999,
      0.12396940864333816,
      0.09061309185214339,
      0.09897933169782858,
      0.12631044567753624,
      0.12254882748021201,
      0.11200775661306073,
      0.06199620503363845,
      0.08232587440838324,
      0.13879792153449533
    ],
    [
      0.07789779457750767,
      0.1381261346109499,
      0.12732753507371486,
      0.052833014266989275,
      0.11105966904917652,
      0.1544566026429357,
      0.06527923538807956,
      0.08640517039081363,
      0.0,
      0.061863418879962384,
      0.05057963818315603,
      0.07011065065671973,
      0.04295276390492808,
      0.06141760379711103,
      0.05016810791416004,
      0.0784464199826469,
      0.05289345149778579,
      0.04226461503769319,
      0.10289602803655651
    ],
    [
      0.10903313613375454,
      0.14377478109064457,
      0.12963863834543266,
      0.0402589406628896,
      0.11995472680336738,
      0.12387205163949877,
      0.06797038238708253,
      0.07446690208425999,
      0.061863418879962384,
      0.0,
      0.08133046063859584,
      0.0777961855396373,
      0.06601139525364852,
      0.09682366136802878,
      0.08558456869964715,
      0.06938181061601256,
      0.03554123511449059,
      0.03619107451998316,
      0.11570172605390538
    ],
    [
      0.09450203658916545,
      0.1630366080891208,
      0.1638268234457051,
      0.0778555401602975,
      0.1428658002944163,
      0.17484644957948836,
      0.09591905089609276,
      0.12396940864333816,
      0.05057963818315603,
      0.08133046063859584,
      0.0,
      0.09820252147341701,
      0.0638052473959726,
      0.06638539493834283,
      0.0706524784155913,
      0.10425915138312092,
      0.08483229613922794,
      0.05614935572969815,
      0.13038136757788066
    ],
    [
      0.1048629017815097,
      0.15119829261385587,
      0.13852164314956794,
      0.06931760556573252,
      0.08833982990477773,
      0.1601014812899909,
      0.07644109627842455,
      0.09061309185214339,
      0.07011065065671973,
      0.0777961855396373,
      0.09820252147341701,
      0.0,
      0.07868135842076895,
      0.10767981713801822,
      0.08936405315166418,
      0.09523540454129109,
      0.06771305242821646,
      0.06551698683089768,
      0.11198098911843324
    ],
    [
      0.06920194506311339,
      0.14193750895319102,
      0.14157697714490258,
      0.04996772480442868,
      0.08802960692832351,
      0.1407113846924971,
      0.042190803554695955,
      0.09897933169782858,
      0.04295276390492808,
      0.06601139525364852,
      0.0638052473959726,
      0.07868135842076895,
      0.0,
      0.05565175348991025,
      0.023044304136227822,
      0.06762976751787841,
      0.0502521363570303,
      0.040034914397735766,
      0.10477052190345115
    ],
    [
      0.08523095268747904,
      0.17014761581947635,
      0.1623029175866494,
      0.08173975433610337,
      0.13186887475924902,
      0.1969424060766629,
      0.07894535840681083,
      0.12631044567753624,
      0.06141760379711103,
      0.09682366136802878,
      0.06638539493834283,
      0.10767981713801822,
      0.05565175348991025,
      0.0,
      0.04883687606162179,
      0.09945853633144863,
      0.07951603579732247,
      0.07122057793539516,
      0.11816971107482976
    ],
    [
      0.054711239314970794,
      0.16327996202154993,
      0.1604932896546415,
      0.07285929234668553,
      0.09545644145331911,
      0.1739064694032395,
      0.05305617161465426,
      0.12254882748021201,
      0.05016810791416004,
      0.08558456869964715,
      0.0706524784155913,
      0.08936405315166418,
      0.023044304136227822,
      0.04883687606162179,
      0.0,
      0.09286837109014512,
      0.06378302871987973,
      0.05705855250491787,
      0.10362932145557069
    ],
    [
      0.12132652508646391,
      0.1312261446127525,
      0.13068243384990086,
      0.06866384966410899,
      0.12029811290110959,
      0.10576150059041978,
      0.08307869799437728,
      0.11200775661306073,
      0.0784464199826469,
      0.06938181061601256,
      0.10425915138312092,
      0.09523540454129109,
      0.06762976751787841,
      0.09945853633144863,
      0.09286837109014512,
      0.0,
      0.0816409580331745,
      0.06470532241471172,
      0.13268291419015021
    ],
    [
      0.09438306587341405,
      0.1462519936358827,
      0.13288664363075997,
      0.03787981579369526,
      0.11600140814744986,
      0.1518347345907537,
      0.048609811411802095,
      0.06199620503363845,
      0.05289345149778579,
      0.03554123511449059,
      0.08483229613922794,
      0.06771305242821646,
      0.0502521363570303,
      0.07951603579732247,
      0.06378302871987973,
      0.0816409580331745,
      0.0,
      0.03644521869394557,
      0.10137255375927934
    ],
    [
      0.08578515068146086,
      0.12910456663683412,
      0.12578867906817415,
      0.0383228221191082,
      0.09749413656849104,
      0.11847457854046717,
      0.04797863043538175,
      0.08232587440838324,
      0.04226461503769319,
      0.03619107451998316,
      0.05614935572969815,
      0.06551698683089768,
      0.040034914397735766,
      0.07122057793539516,
      0.05705855250491787,
      0.06470532241471172,
      0.03644521869394557,
      0.0,
      0.0961098016961418
    ],
    [
      0.10670781991632539,
      0.18124771244810023,
      0.17601147769516112,
      0.10417849176223137,
      0.1261921626089566,
      0.1822541462129066,
      0.09734786813556917,
      0.13879792153449533,
      0.10289602803655651,
      0.11570172605390538,
      0.13038136757788066,
      0.11198098911843324,
      0.10477052190345115,
      0.11816971107482976,
      0.10362932145557069,
      0.13268291419015021,
      0.10137255375927934,
      0.0961098016961418,
      0.0
    ]
  ]
}