{
  "languages": [
    "AppleScript",
    "C",
    "C++",
    "Dart",
    "Fortran",
    "Go",
    "Haskell",
    "Java",
    "JavaScript",
    "Kotlin",
    "PHP",
    "Pascal",
    "Python",
    "Raku",
    "Ruby",
    "Rust",
    "Scala",
    "Swift",
    "Visual_Basic"
  ],
  "matrix": [
    [
      0.0,
      0.3009419720838731,
      0.328692856473237,
      0.2222023220113608,
      0.25292410859290304,
      0.30765198190843723,
      0.2150663231150025,
      0.28511738140696286,
      0.23520632188713664,
      0.19737426415083836,
      0.23530058598811288,
      0.21263656877571313,
      0.27662759313846663,
      0.281713279379774,
      0.25899197995850487,
      0.28267990320734904,
      0.20087839137260544,
      0.17936304937221847,
      0.3036315691173358
    ],
    [
      0.3009419720838731,
      0.0,
      0.10329445946569671,
      0.1355922560623034,
      0.2027971669375741,
      0.16150990939233612,
      0.34436067344191135,
      0.1528891722851643,
      0.22272674310015284,
      0.17051680908894873,
      0.2015930881518595,
      0.1873915329679282,
      0.2899640243971586,
      0.344290707575137,
      0.28401320348764203,
      0.1343153033578568,
      0.18533065564964202,
      0.17405344105558462,
      0.37253355352430495
    ],
    [
      0.328692856473237,
      0.10329445946569671,
      0.0,
      0.17922843902373276,
      0.225471888127742,
      0.22610596361512403,
      0.31081137385182844,
      0.1961974810858128,
      0.2384019483126979,
      0.1954296159542641,
      0.21789822280157156,
      0.24267667497593715,
      0.28916212115198525,
      0.2882197532233045,
      0.2605952282437183,
      0.1348489839370941,
      0.1963178755506072,
      0.2026645384673189,
      0.4097578895043035
    ],
    [
      0.2222023220113608,
      0.1355922560623034,
      0.17922843902373276,
      0.0,
      0.24505536770963499,
      0.11073920341603571,
      0.24066332125906642,
      0.07589410079752035,
      0.070847490402557,
      0.04905808028649283,
      0.09967260799936795,
      0.13401779477625886,
      0.18943381517513314,
      0.27382984098270724,
      0.19222657395721587,
      0.12594220431400382,
      0.07594551220159595,
      0.053256732310903,
      0.2901212137669732
    ],
    [
      0.25292410859290304,
      0.2027971669375741,
      0.225471888127742,
      0.24505536770963499,
      0.0,
      0.32368025014137225,
      0.2970754657353575,
      0.30228066255927266,
      0.3040031401338966,
      0.25185336357337573,
      0.28654316699837834,
      0.24610717478231325,
      0.28008353409206876,
      0.31636846915098993,
      0.24572477373591217,
      0.1880270776110845,
      0.24265249279367862,
      0.23568117855508208,
      0.3920615257070672
    ],
    [
      0.30765198190843723,
      0.16150990939233612,
      0.22610596361512403,
      0.11073920341603571,
      0.32368025014137225,
      0.0,
      0.32721819383587625,
      0.14772078627155227,
      0.15526314829965993,
      0.12247312171805258,
      0.15393645389779342,
      0.20181696449058717,
      0.23919646811310358,
      0.346534300434588,
      0.2544603705106673,
      0.1562736592043832,
      0.1532924339490157,
      0.12036253654469542,
      0.3589153457079839
    ],
    [
      0.2150663231150025,
      0.34436067344191135,
      0.31081137385182844,
      0.24066332125906642,
      0.2970754657353575,
      0.32721819383587625,
      0.0,
      0.3226706075274165,
      0.21180963490763416,
      0.17270818191127757,
      0.2390049014089045,
      0.22138915432657968,
      0.2796509044173944,
      0.23392362368726483,
      0.26583850135691134,
      0.2715241063985655,
      0.135007324140213,
      0.1525975499721598,
      0.21502430565346464
    ],
    [
      0.28511738140696286,
      0.1528891722851643,
      0.1961974810858128,
      0.07589410079752035,
      0.30228066255927266,
      0.14772078627155227,
      0.3226706075274165,
      0.0,
      0.16311187249778836,
      0.11258306895148984,
      0.18464935768494084,
      0.15116428730529718,
      0.30761492991798056,
      0.4161490419891568,
      0.3043441379233569,
      0.20799708634939995,
      0.13499071138326713,
      0.13111299448196145,
      0.2941332364707393
    ],
    [
      0.23520632188713664,
      0.22272674310015284,
      0.2384019483126979,
      0.070847490402557,
      0.3040031401338966,
      0.15526314829965993,
      0.21180963490763416,
      0.16311187249778836,
      0.0,
      0.08214595366852973,
      0.05111707962160661,
      0.19743304239970527,
      0.11329551795162407,
      0.19761521557055572,
      0.11885630616316067,
      0.1761092462586421,
      0.09566915013555644,
      0.053889227281328944,
      0.30896747098133603
    ],
    [
      0.19737426415083836,
      0.17051680908894873,
      0.1954296159542641,
      0.04905808028649283,
      0.25185336357337573,
      0.12247312171805258,
      0.17270818191127757,
      0.11258306895148984,
      0.08214595366852973,
      0.0,
      0.11757711774624524,
      0.12217516863561617,
      0.1962043570614742,
      0.25842101544474017,
      0.19527390840338,
      0.11441118103786985,
      0.03280067113798102,
      0.031342761026810106,
      0.2368414706444264
    ],
    [
      0.23530058598811288,
      0.2015930881518595,
      0.21789822280157156,
      0.09967260799936795,
      0.28654316699837834,
      0.15393645389779342,
      0.2390049014089045,
      0.18464935768494084,
      0.05111707962160661,
      0.11757711774624524,
      0.0,
      0.22182160726124056,
      0.08454846344436018,
      0.15433477897927972,
      0.10096754017293275,
      0.17493867684906894,
      0.12598971701698658,
      0.08239397872696475,
      0.3459109114049057
    ],
    [
      0.21263656877571313,
      0.1873915329679282,
      0.24267667497593715,
      0.13401779477625886,
      0.24610717478231325,
      0.20181696449058717,
      0.22138915432657968,
      0.15116428730529718,
      0.19743304239970527,
      0.12217516863561617,
      0.22182160726124056,
      0.0,
      0.3594388126489707,
      0.39566043901610726,
      0.34066280209498234,
      0.2207349110423058,
      0.12535005028947588,
      0.12499873333381628,
      0.16559730860470223
    ],
    [
      0.27662759313846663,
      0.2899640243971586,
      0.28916212115198525,
      0.18943381517513314,
      0.28008353409206876,
      0.23919646811310358,
      0.2796509044173944,
      0.30761492991798056,
      0.11329551795162407,
      0.1962043570614742,
      0.08454846344436018,
      0.3594388126489707,
      0.0,
      0.1416773897191539,
      0.047297709968507684,
      0.2040895609296255,
      0.19082139076193583,
      0.15512883331830984,
      0.4432926297870339
    ],
    [
      0.281713279379774,
      0.344290707575137,
      0.2882197532233045,
      0.27382984098270724,
      0.31636846915098993,
      0.346534300434588,
      0.23392362368726483,
      0.4161490419891568,
      0.19761521557055572,
      0.25842101544474017,
      0.15433477897927972,
      0.39566043901610726,
      0.1416773897191539,
      0.0,
      0.12681053226479289,
      0.22647550711312658,
      0.22868584122896618,
      0.21738066252550503,
      0.47380749134424005
    ],
    [
      0.25899197995850487,
      0.28401320348764203,
      0.2605952282437183,
      0.19222657395721587,
      0.24572477373591217,
      0.2544603705106673,
      0.26583850135691134,
      0.3043441379233569,
      0.11885630616316067,
      0.19527390840338,
      0.10096754017293275,
      0.34066280209498234,
      0.047297709968507684,
      0.12681053226479289,
      0.0,
      0.18433163570036004,
      0.18200820370020565,
      0.1576182503867002,
      0.4380622815113018
    ],
    [
      0.28267990320734904,
      0.1343153033578568,
      0.1348489839370941,
      0.12594220431400382,
      0.1880270776110845,
      0.1562736592043832,
      0.2715241063985655,
      0.20799708634939995,
      0.1761092462586421,
      0.11441118103786985,
      0.17493867684906894,
      0.2207349110423058,
      0.2040895609296255,
      0.22647550711312658,
      0.18433163570036004,
      0.0,
      0.11816363494578408,
      0.12055552807410352,
      0.40964290458100827
    ],
    [
      0.20087839137260544,
      0.18533065564964202,
      0.1963178755506072,
      0.07594551220159595,
      0.24265249279367862,
      0.1532924339490157,
      0.135007324140213,
      0.13499071138326713,
      0.09566915013555644,
      0.03280067113798102,
      0.12598971701698658,
      0.12535005028947588,
      0.19082139076193583,
      0.22868584122896618,
      0.18200820370020565,
      0.11816363494578408,
      0.0,
      0.04136697751366247,
      0.21873089149975966
    ],
    [
      0.17936304937221847,
      0.17405344105558462,
      0.2026645384673189,
      0.053256732310903,
      0.23568117855508208,
      0.12036253654469542,
      0.1525975499721598,
      0.13111299448196145,
      0.053889227281328944,
      0.031342761026810106,
      0.08239397872696475,
      0.12499873333381628,
      0.15512883331830984,
      0.21738066252550503,
      0.1576182503867002,
      0.12055552807410352,
      0.04136697751366247,
      0.0,
      0.24010764588893863
    ],
    [
      0.3036315691173358,
      0.37253355352430495,
      0.4097578895043035,
      0.2901212137669732,
      0.3920615257070672,
      0.3589153457079839,
      0.21502430565346464,
      0.2941332364707393,
      0.30896747098133603,
      0.2368414706444264,
      0.3459109114049057,
      0.16559730860470223,
      0.4432926297870339,
      0.47380749134424005,
      0.4380622815113018,
      0.40964290458100827,
      0.21873089149975966,
      0.24010764588893863,
      0.0
    ]
  ]
}