{
  "languages": [
    "AppleScript",
    "C",
    "C++",
    "Dart",
    "Fortran",
    "Go",
    "Haskell",
    "Java",
    "JavaScript",
    "Kotlin",
    "PHP",
    "Pascal",
    "Python",
    "Raku",
    "Ruby",
    "Rust",
    "Scala",
    "Swift",
    "Visual_Basic"
  ],
  "matrix": [
    [
      0.0,
      0.134035627970154,
      0.13238034559337597,
      0.11162778197247603,
      0.08098445439518387,
      0.15786752956663364,
      0.10123430916170795,
      0.11327637133599722,
      0.10051825042838514,
      0.09585812457249765,
      0.1175817290051423,
      0.0935855138822339,
      0.09877020530726766,
      0.07790163505641723,
      0.07619493277371203,
      0.1348928984690002,
      0.09081992050804344,
      0.07786028789338917,
      0.10122795145159713
    ],
    [
      0.134035627970154,
      0.0,
      0.04386476521337945,
      0.09860633388817008,
      0.11388143804698891,
      0.11133229839696024,
      0.13086465541152503,
      0.07923334584635944,
      0.08713071714066767,
      0.11331491939675842,
      0.08449309611172018,
      0.12163056524875271,
      0.09581261719105671,
      0.11055691885940222,
      0.10875755620942051,
      0.10468847942284931,
      0.1275046249862889,
      0.11385434534167316,
      0.1366079701363513
    ],
    [
      0.13238034559337597,
      0.04386476521337945,
      0.0,
      0.08653182570094775,
      0.1193178852896124,
      0.11987962935646679,
      0.12207731666817456,
      0.0655883392191231,
      0.0845145154891469,
      0.09564817117281377,
      0.0832865181611342,
      0.12683268500634537,
      0.0916447731227813,
      0.10134823909210589,
      0.10085095548623446,
      0.08643616933225551,
      0.10609683233192002,
      0.10767262810808265,
      0.13223506422564457
    ],
    [
      0.11162778197247603,
      0.09860633388817008,
      0.08653182570094775,
      0.0,
      0.12852199483146143,
      0.13444824959764923,
      0.11041501287303157,
      0.05929941228194979,
      0.07322608654961882,
      0.0603715748489323,
      0.08644235182016968,
      0.11467336865011779,
      0.09247018853366573,
      0.09234248595842065,
      0.0919062786736159,
      0.09936383954256212,
      0.07399077447475211,
      0.08173199182144908,
      0.11487244985854772
    ],
    [
      0.08098445439518387,
      0.11388143804698891,
      0.1193178852896124,
      0.12852199483146143,
      0.0,
      0.15593052710644173,
      0.11494467859656521,
      0.12762078453729409,
      0.13013401671077685,
      0.1199101497840439,
      0.13070843627205686,
      0.0769807473034344,
      0.11541597916175206,
      0.0899502073835503,
      0.09653319873387312,
      0.12783175422080206,
      0.11186131096682517,
      0.12421287826069716,
      0.0962266258468456
    ],
    [
      0.15786752956663364,
      0.11133229839696024,
      0.11987962935646679,
      0.13444824959764923,
      0.15593052710644173,
      0.0,
      0.129764734650068,
      0.12446662141677789,
      0.12783674159928693,
      0.11038923313831228,
      0.15298102310099848,
      0.14873460785212145,
      0.1316761397350017,
      0.14821563380126357,
      0.14769889333587516,
      0.10769457517787151,
      0.11517971797126547,
      0.11102839640710649,
      0.1392395046447602
    ],
    [
      0.10123430916170795,
      0.13086465541152503,
      0.12207731666817456,
      0.11041501287303157,
      0.11494467859656521,
      0.129764734650068,
      0.0,
      0.1148389236841888,
      0.10315179475173708,
      0.0842969577801781,
      0.12943074023233692,
      0.12074921127564786,
      0.10265111476847721,
      0.09487976111595453,
      0.09296880301773702,
      0.10721497539296088,
      0.07104904141574664,
      0.08696199711501362,
      0.10990605550991828
    ],
    [
      0.11327637133599722,
      0.07923334584635944,
      0.0655883392191231,
      0.05929941228194979,
      0.12762078453729409,
      0.12446662141677789,
      0.1148389236841888,
      0.0,
      0.06578622727563432,
      0.05332836421388454,
      0.0767366872356271,
      0.12288830248563531,
      0.07990741397229695,
      0.09814298476346617,
      0.08749734501822615,
      0.10449562330535755,
      0.05823560528648963,
      0.09434528403818576,
      0.10467707356054223
    ],
    [
      0.10051825042838514,
      0.08713071714066767,
      0.0845145154891469,
      0.07322608654961882,
      0.13013401671077685,
      0.12783674159928693,
      0.10315179475173708,
      0.06578622727563432,
      0.0,
      0.07554750673004351,
      0.06350958434920306,
      0.11395883973032228,
      0.06978054216853802,
      0.08733589104824369,
      0.0752029443462785,
      0.10397624923832871,
      0.07576584341035031,
      0.0788556339339398,
      0.1165991391093063
    ],
    [
      0.09585812457249765,
      0.11331491939675842,
      0.09564817117281377,
      0.0603715748489323,
      0.1199101497840439,
      0.11038923313831228,
      0.0842969577801781,
      0.05332836421388454,
      0.07554750673004351,
      0.0,
      0.0991692768633321,
      0.11034866567425916,
      0.0871120696531309,
      0.09493019930175295,
      0.0802369883567684,
      0.08226448069817971,
      0.028204909244190723,
      0.04243852096123879,
      0.08723514507526287
    ],
    [
      0.1175817290051423,
      0.08449309611172018,
      0.0832865181611342,
      0.08644235182016968,
      0.13070843627205686,
      0.15298102310099848,
      0.12943074023233692,
      0.0767366872356271,
      0.06350958434920306,
      0.0991692768633321,
      0.0,
      0.1218493907480297,
      0.08920322665445957,
      0.06686200223788619,
      0.09279456820916376,
      0.1282333276269343,
      0.10717846334379777,
      0.10601606702832334,
      0.12231591957430754
    ],
    [
      0.0935855138822339,
      0.12163056524875271,
      0.12683268500634537,
      0.11467336865011779,
      0.0769807473034344,
      0.14873460785212145,
      0.12074921127564786,
      0.12288830248563531,
      0.11395883973032228,
      0.11034866567425916,
      0.1218493907480297,
      0.0,
      0.12218416436815882,
      0.10485677906789481,
      0.11240949547011891,
      0.13155307688228213,
      0.10883738275112553,
      0.11366551915777301,
      0.0880015930184549
    ],
    [
      0.09877020530726766,
      0.09581261719105671,
      0.0916447731227813,
      0.09247018853366573,
      0.11541597916175206,
      0.1316761397350017,
      0.10265111476847721,
      0.07990741397229695,
      0.06978054216853802,
      0.0871120696531309,
      0.08920322665445957,
      0.12218416436815882,
      0.0,
      0.08944600238740996,
      0.05738648802436319,
      0.10528450749393914,
      0.08602549541517146,
      0.08654048457256402,
      0.1036600412249693
    ],
    [
      0.07790163505641723,
      0.11055691885940222,
      0.10134823909210589,
      0.09234248595842065,
      0.0899502073835503,
      0.14821563380126357,
      0.09487976111595453,
      0.09814298476346617,
      0.08733589104824369,
      0.09493019930175295,
      0.06686200223788619,
      0.10485677906789481,
      0.08944600238740996,
      0.0,
      0.05610814583931156,
      0.09075116509208292,
      0.08725797528821966,
      0.09834040098893226,
      0.11209253681630116
    ],
    [
      0.07619493277371203,
      0.10875755620942051,
      0.10085095548623446,
      0.0919062786736159,
      0.09653319873387312,
      0.14769889333587516,
      0.09296880301773702,
      0.08749734501822615,
      0.0752029443462785,
      0.0802369883567684,
      0.09279456820916376,
      0.11240949547011891,
      0.05738648802436319,
      0.05610814583931156,
      0.0,
      0.09976751765796266,
      0.06926857600099501,
      0.07647875344566457,
      0.1051794506874214
    ],
    [
      0.1348928984690002,
      0.10468847942284931,
      0.08643616933225551,
      0.09936383954256212,
      0.12783175422080206,
      0.10769457517787151,
      0.10721497539296088,
      0.10449562330535755,
      0.10397624923832871,
      0.08226448069817971,
      0.1282333276269343,
      0.13155307688228213,
      0.10528450749393914,
      0.09075116509208292,
      0.09976751765796266,
      0.0,
      0.08859926845318966,
      0.0881529513266609,
      0.1304486808349573
    ],
    [
      0.09081992050804344,
      0.1275046249862889,
      0.10609683233192002,
      0.07399077447475211,
      0.11186131096682517,
      0.11517971797126547,
      0.07104904141574664,
      0.05823560528648963,
      0.07576584341035031,
      0.028204909244190723,
      0.10717846334379777,
      0.10883738275112553,
      0.08602549541517146,
      0.08725797528821966,
      0.06926857600099501,
      0.08859926845318966,
      0.0,
      0.058809526363987064,
      0.091619629668941
    ],
    [
      0.07786028789338917,
      0.11385434534167316,
      0.10767262810808265,
      0.08173199182144908,
      0.12421287826069716,
      0.11102839640710649,
      0.08696199711501362,
      0.09434528403818576,
      0.0788556339339398,
      0.04243852096123879,
      0.10601606702832334,
      0.11366551915777301,
      0.08654048457256402,
      0.09834040098893226,
      0.07647875344566457,
      0.0881529513266609,
      0.058809526363987064,
      0.0,
      0.09744277053170058
    ],
    [
      0.10122795145159713,
      0.1366079701363513,
      0.13223506422564457,
      0.11487244985854772,
      0.0962266258468456,
      0.1392395046447602,
      0.10990605550991828,
      0.10467707356054223,
      0.1165991391093063,
      0.08723514507526287,
      0.12231591957430754,
      0.0880015930184549,
      0.1036600412249693,
      0.11209253681630116,
      0.1051794506874214,
      0.1304486808349573,
      0.091619629668941,
      0.09744277053170058,
      0.0
    ]
  ]
}