{
  "languages": [
    "AppleScript",
    "C",
    "C++",
    "Dart",
    "Fortran",
    "Go",
    "Haskell",
    "Java",
    "JavaScript",
    "Kotlin",
    "PHP",
    "Pascal",
    "Python",
    "Raku",
    "Ruby",
    "Rust",
    "Scala",
    "Swift",
    "Visual_Basic"
  ],
  "matrix": [
    [
      0.0,
      0.6893414916353958,
      0.6695359353275241,
      0.46244011266391793,
      0.6464070600786098,
      0.6316989707324794,
      0.46642508951495354,
      0.517382289292657,
      0.5422659807704637,
      0.5927986695425089,
      0.6714664714670167,
      0.3957454218323141,
      0.6758101133857841,
      0.571926353823871,
      0.6159832922535879,
      0.6129702995918129,
      0.5986540759193048,
      0.4911121930951563,
      0.4149259774871923
    ],
    [
      0.6893414916353958,
      0.0,
      0.2767546589066028,
      0.4053377052729181,
      0.4313713986404504,
      0.49035793088174306,
      0.5653761431403834,
      0.4681593038469215,
      0.6625778596108235,
      0.6898246824944602,
      0.5973609080181864,
      0.3936084646127216,
      0.688670005773494,
      0.6679559812550149,
      0.7178031990061378,
      0.4518810234943802,
      0.762318521151729,
      0.6792871026319485,
      0.6321636974066907
    ],
    [
      0.6695359353275241,
      0.2767546589066028,
      0.0,
      0.38830203518559536,
      0.5203270789679016,
      0.6142589939671923,
      0.5246345246665332,
      0.4746792960956485,
      0.5157057092974167,
      0.6951781146410612,
      0.586738297262485,
      0.4000014199888837,
      0.7548834558496691,
      0.5998045625637515,
      0.7150038895862694,
      0.36528515950305895,
      0.763226656994696,
      0.6587532974612864,
      0.6465536384518005
    ],
    [
      0.46244011266391793,
      0.4053377052729181,
      0.38830203518559536,
      0.0,
      0.6017671964459197,
      0.47749020269783904,
      0.4641801440971892,
      0.1451555170967368,
      0.3449420773967563,
      0.37407572525882327,
      0.48829838970329964,
      0.23801125546814406,
      0.5977651632099532,
      0.4782666098496453,
      0.6223364283231717,
      0.4128260470653943,
      0.4252462124918358,
      0.4162316598817509,
      0.42285727826034236
    ],
    [
      0.6464070600786098,
      0.4313713986404504,
      0.5203270789679016,
      0.6017671964459197,
      0.0,
      0.4760949768210223,
      0.2993368960995969,
      0.6969642084518989,
      0.8292326167061492,
      0.6570278237002348,
      0.7135207403335573,
      0.5248631730079669,
      0.28157777862626,
      0.6317434682529672,
      0.29361896974240564,
      0.5463735810083834,
      0.6069267472534747,
      0.6522826915383024,
      0.5319846428880637
    ],
    [
      0.6316989707324794,
      0.49035793088174306,
      0.6142589939671923,
      0.47749020269783904,
      0.4760949768210223,
      0.0,
      0.4401232803285051,
      0.5101708816212978,
      0.6563490236056393,
      0.39606075380166583,
      0.8094373932411725,
      0.50978992491776,
      0.5260769678222383,
      0.7886334311224277,
      0.5708932226044122,
      0.3761452757033845,
      0.4585103144126075,
      0.43750757790509187,
      0.6034598147936394
    ],
    [
      0.46642508951495354,
      0.5653761431403834,
      0.5246345246665332,
      0.4641801440971892,
      0.2993368960995969,
      0.4401232803285051,
      0.0,
      0.5926575549983748,
      0.5878664214415088,
      0.4540597904459974,
      0.7172761325907767,
      0.43780200102321687,
      0.3856456992804852,
      0.5011485731035353,
      0.3129825040924388,
      0.334466216266774,
      0.4160969821463283,
      0.33487211065128497,
      0.5029272835812888
    ],
    [
      0.517382289292657,
      0.4681593038469215,
      0.4746792960956485,
      0.1451555170967368,
      0.6969642084518989,
      0.5101708816212978,
      0.5926575549983748,
      0.0,
      0.5484127052064964,
      0.3521804426776737,
      0.6249450479291396,
      0.29611365548027024,
      0.7380784983185844,
      0.5947364431244142,
      0.7477355734505463,
      0.4995105177360025,
      0.41503392677027984,
      0.6248101095935439,
      0.5303351926446613
    ],
    [
      0.5422659807704637,
      0.6625778596108235,
      0.5157057092974167,
      0.3449420773967563,
      0.8292326167061492,
      0.6563490236056393,
      0.5878664214415088,
      0.5484127052064964,
      0.0,
      0.5588611076538906,
      0.6138871420730478,
      0.3202438783137569,
      0.7655143660225634,
      0.5697140044238493,
      0.7400715170285362,
      0.37973103886791937,
      0.5985282444702282,
      0.2826857665722048,
      0.6079797511714844
    ],
    [
      0.5927986695425089,
      0.6898246824944602,
      0.6951781146410612,
      0.37407572525882327,
      0.6570278237002348,
      0.39606075380166583,
      0.4540597904459974,
      0.3521804426776737,
      0.5588611076538906,
      0.0,
      0.7928231283194733,
      0.45215794245264007,
      0.5933799231158415,
      0.6785068094646909,
      0.6008068551127056,
      0.4237200109250002,
      0.060867676902124024,
      0.4610938874528967,
      0.6357301907634174
    ],
    [
      0.6714664714670167,
      0.5973609080181864,
      0.586738297262485,
      0.48829838970329964,
      0.7135207403335573,
      0.8094373932411725,
      0.7172761325907767,
      0.6249450479291396,
      0.6138871420730478,
      0.7928231283194733,
      0.0,
      0.5464855705997128,
      0.8286619160762251,
      0.21737570315272714,
      0.7948800728097155,
      0.6828677734873738,
      0.8444412618290026,
      0.7843234741450832,
      0.7270021315283004
    ],
    [
      0.3957454218323141,
      0.3936084646127216,
      0.4000014199888837,
      0.23801125546814406,
      0.5248631730079669,
      0.50978992491776,
      0.43780200102321687,
      0.29611365548027024,
      0.3202438783137569,
      0.45215794245264007,
      0.5464855705997128,
      0.0,
      0.7079874743315384,
      0.53859487578902,
      0.6772208822477284,
      0.38364232725572733,
      0.5190385606944248,
      0.3953414786149604,
      0.3978069488099031
    ],
    [
      0.6758101133857841,
      0.688670005773494,
      0.7548834558496691,
      0.5977651632099532,
      0.28157777862626,
      0.5260769678222383,
      0.3856456992804852,
      0.7380784983185844,
      0.7655143660225634,
      0.5933799231158415,
      0.8286619160762251,
      0.7079874743315384,
      0.0,
      0.7201141610008558,
      0.0870865247736351,
      0.6464226647725866,
      0.444549040318024,
      0.5241898511559391,
      0.5791061745317668
    ],
    [
      0.571926353823871,
      0.6679559812550149,
      0.5998045625637515,
      0.4782666098496453,
      0.6317434682529672,
      0.7886334311224277,
      0.5011485731035353,
      0.5947364431244142,
      0.5697140044238493,
      0.6785068094646909,
      0.21737570315272714,
      0.53859487578902,
      0.7201141610008558,
      0.0,
      0.5952464767368943,
      0.5807434455248733,
      0.6835890718360128,
      0.6392772805204718,
      0.6536708704820584
    ],
    [
      0.6159832922535879,
      0.7178031990061378,
      0.7150038895862694,
      0.6223364283231717,
      0.29361896974240564,
      0.5708932226044122,
      0.3129825040924388,
      0.7477355734505463,
      0.7400715170285362,
      0.6008068551127056,
      0.7948800728097155,
      0.6772208822477284,
      0.0870865247736351,
      0.5952464767368943,
      0.0,
      0.5788287628312703,
      0.4522967981020879,
      0.5241168308853681,
      0.593402812144376
    ],
    [
      0.6129702995918129,
      0.4518810234943802,
      0.36528515950305895,
      0.4128260470653943,
      0.5463735810083834,
      0.3761452757033845,
      0.334466216266774,
      0.4995105177360025,
      0.37973103886791937,
      0.4237200109250002,
      0.6828677734873738,
      0.38364232725572733,
      0.6464226647725866,
      0.5807434455248733,
      0.5788287628312703,
      0.0,
      0.46991608236391236,
      0.3540652469391955,
      0.6863517390974042
    ],
    [
      0.5986540759193048,
      0.762318521151729,
      0.763226656994696,
      0.4252462124918358,
      0.6069267472534747,
      0.4585103144126075,
      0.4160969821463283,
      0.41503392677027984,
      0.5985282444702282,
      0.060867676902124024,
      0.8444412618290026,
      0.5190385606944248,
      0.444549040318024,
      0.6835890718360128,
      0.4522967981020879,
      0.46991608236391236,
      0.0,
      0.46056186210392747,
      0.6006074309028182
    ],
    [
      0.4911121930951563,
      0.6792871026319485,
      0.6587532974612864,
      0.4162316598817509,
      0.6522826915383024,
      0.43750757790509187,
      0.33487211065128497,
      0.6248101095935439,
      0.2826857665722048,
      0.4610938874528967,
      0.7843234741450832,
      0.3953414786149604,
      0.5241898511559391,
      0.6392772805204718,
      0.5241168308853681,
      0.3540652469391955,
      0.46056186210392747,
      0.0,
      0.5136450282967864
    ],
    [
      0.4149259774871923,
      0.6321636974066907,
      0.6465536384518005,
      0.42285727826034236,
      0.5319846428880637,
      0.6034598147936394,
      0.5029272835812888,
      0.5303351926446613,
      0.6079797511714844,
      0.6357301907634174,
      0.7270021315283004,
      0.3978069488099031,
      0.5791061745317668,
      0.6536708704820584,
      0.593402812144376,
      0.6863517390974042,
      0.6006074309028182,
      0.5136450282967864,
      0.0
    ]
  ]
}